3.18
5.33
10.50
10.80
11.35
12.22
17.09
17.60
18.43
18.79
20.80
21.09
21.70
23.59
24.17
24.79
26.74
27.29
28.05
29.90
30.42
30.97
32.09
32.90
33.40
33.99
35.25
36.02
36.57
37.17
38.32
39.17
39.70
40.24
41.39
42.22
42.72
43.32
44.50
45.30
45.85
46.42
47.57
48.56
48.91
49.46
50.64
51.59
52.06
54.59
55.11
55.66
56.87
57.62
58.21
58.79
59.89
60.79
61.31
61.91
62.99
63.84
64.36
64.94
66.18
66.98
67.49
68.08
69.24
70.13
70.61
71.21
72.39
73.18
73.66
74.28
74.91
75.50
76.28
76.60
77.35
79.40
80.15
80.88
81.68
82.50
83.27
84.07
84.75
85.60
86.35
87.13
87.88
88.68
89.23
89.75
90.42
90.93
91.74
92.50
93.30
94.07
94.87
95.65
96.40
97.15
98.00
98.75
99.47
100.24
101.07
101.84
102.56
103.31
104.17
104.67
105.21
106.37
107.26
107.88
108.54
109.51
110.38
110.94
111.56
112.56
113.36
114.01
114.59
115.76
116.46
117.05
117.73
118.31
118.71
119.55
120.18
120.63
121.23
121.43
121.91
122.71
123.35
125.22
128.87
130.38
131.22
132.03
132.83
133.58
134.35
135.17
135.92
136.71
137.53
138.25
139.00
139.80
140.58
141.35
141.88
142.56
144.38
144.86
145.96
146.73
147.13
147.53
148.13
148.97
149.82
150.58
151.43
152.10
152.58
153.67
154.47
154.78
155.20
155.58
156.05
156.40
156.78
157.15
157.53
157.90
158.33
158.68
159.08
159.45
159.85
160.23
160.65
161.02
161.42
161.78
162.17
162.54
162.92
163.45
163.67
163.89
164.15
164.34
164.55
164.80
165.07
165.32
166.10
166.85
167.24
167.59
168.34
169.12
169.29
169.47
169.89
170.65
171.47
172.20
172.55
173.05
173.72
173.99
174.14
174.53
175.30
176.03
176.45
177.07
177.25
177.62
178.40
179.18
180.10
180.72
181.57
182.28
183.03
183.85
184.65
185.40
186.17
186.93
187.73
187.92
188.50
189.30
190.05
190.87
193.93
199.27
202.92