2.87
3.42
3.94
5.09
5.65
6.11
7.19
7.71
8.22
9.32
11.47
13.64
15.82
17.93
20.03
20.63
21.18
22.26
22.96
23.29
24.34
24.86
25.44
26.53
27.03
27.58
28.67
29.17
29.7
30.78
31.3
31.87
32.95
33.45
34.02
35.07
35.54
37.3
37.8
38.3
39.39
39.87
40.44
41.67
42.07
42.61
43.71
44.22
45.86
46.98
47.99
49.09
50.16
51.23
52.31
54.63
55.01
55.56
56.63
57.13
57.68
58.75
59.3
59.87
60.9
61.45
62.0
63.03
63.6
64.15
65.23
65.78
66.31
67.36
67.98
68.46
69.53
70.08
70.59
71.65
72.26
72.7
73.8
74.31
74.93
75.97
76.5
77.03
78.13
78.63
79.18
80.27
80.82
81.33
82.37
82.93
83.42
84.57
85.12
85.64
86.72
87.27
87.77
88.8
89.34
89.89
91.02
91.54
92.06
93.17
93.67
94.21
95.27
95.84
96.37
97.46
97.98
98.49
99.58
100.1
100.46
101.2
101.55
101.92
102.74
103.12
103.44
104.22
105.73
107.21
108.74
110.27
111.74
113.26
113.66
114.76
115.53
116.27