3.2 2
4.8 1
6.4 2
8.0 4
10.5 2
11.2 3
12.8 1
14.4 2
15.1 4
16.0 1
17.6 3
18.4 2
19.2 1
20.8 4
21.6 3
22.4 2
23.2 1
25.6 3
28.0 4
31.0 2
34.2 1
37.0 3
39.5 2
41.6 1
42.4 4
43.2 2
44.8 3
45.6 2
46.4 1
48.0 4
48.8 3
49.6 2
52.0 1
52.8 4
53.6 2
55.2 3
56.0 2
56.8 1
58.4 4
59.2 3
60.0 2
62.4 1
65.0 4
68.0 2
70.0 3
72.8 2
73.6 3
74.4 1
76.0 4
77.6 2
78.4 1
79.2 3
80.8 4
82.4 2
84.8 1
85.6 3
87.2 4
89.6 2
92.0 1
95.2 3
98.4 2
101.6 4
103.2 1
104.0 4
104.8 2
106.4 3
107.2 2
108.0 1
109.6 4
110.4 3
111.2 2
113.6 1
114.4 4
115.2 2
116.8 3
117.6 2
118.4 1
120.0 4
120.8 3
121.6 2
124.0 1
126.5 4
129.5 2
132.5 3
134.4 2
136.0 3
137.6 1
138.4 4
140.8 2
142.4 3
144.0 1
144.8 4
147.2 2
148.8 3
150.4 1
151.2 4
153.6 2
154.4 3
156.0 1
156.8 4
165.6 3
166.0 1
166.4 4
167.2 2
167.6 3
168.0 1
168.8 4
170.4 2
170.8 3
171.2 1
171.6 4
172.8 3
174.4 1
174.8 2
175.2 4
176.0 3
177.6 1
178.0 2
178.4 3
178.8 4
180.0 1
182.4 2
184.8 3
187.2 4
197.6 1
198.4 4
199.2 2
200.8 3
201.6 2
202.4 1
204.0 4
204.8 3
205.6 2
208.0 1
208.8 4
209.6 2
211.2 3
212.0 2
212.8 1
214.4 4
215.2 3
216.0 2
218.4 1
220.8 4
224.0 2
227.2 3
228.8 2
232.0 1
235.2 3
238.4 4
241.6 2
244.8 1